0.53 3.22 -1
-3.45 -7.12 1
5.4 5.18 1
-5.21 -5.57 1
8.43 9.07 -1
-8.3 6.16 -1
-9.97 0.31 -1
9.2 -6.23 1
-7.98 -2.33 -1
-4.82 6.05 -1
9.7 6.03 1
-9.42 -8.27 -1
6.26 -4.72 1
-8.92 -6.19 -1
-4.06 -6.25 1
9.73 -7.85 1
-3.39 -8.35 1
-2.57 -9.75 1
4.2 4.03 1
-3.36 -2.8 -1
-5.56 7.41 -1
7.6 -4.52 1
6.33 1.32 1
3.05 -5.16 1
6.51 3.19 1
-1.17 -6.83 1
-1.72 -4.08 1
-7.77 -4.98 -1
2.58 1.6 1
7.86 9.3 -1
-2.73 6.21 -1
0.93 5.92 -1
-5.87 8.37 -1
8.53 8.25 1
6.5 -8.12 1
-4.31 -4.93 1
-8.39 4.77 -1
-2.78 -9.29 1
2.0 -4.68 1
6.01 -9.59 1
-1.85 7.97 -1
-8.8 9.3 -1
6.87 -3.08 1
-0.23 2.23 -1
9.63 -2.02 1
-2.69 -5.11 1
-9.54 1.55 -1
6.29 6.21 1
6.27 0.93 1
5.9 -2.96 1
1.79 8.29 -1
2.8 9.71 -1
-9.96 -0.61 -1
2.71 6.24 -1
9.3 2.64 1
-6.59 -6.09 -1
7.41 8.45 -1
-9.38 0.88 -1
1.62 -0.54 1
-9.51 -5.91 -1
7.19 -7.78 1
-6.69 9.28 -1
-8.73 -5.16 -1
0.21 9.22 -1
5.42 -0.3 1
-0.43 7.0 -1
1.67 8.79 -1
5.32 0.37 1
2.78 -0.13 1
8.87 -7.77 1
1.42 -3.95 1
-2.71 7.85 -1
-8.98 -6.23 -1
-2.53 -8.34 1
-8.8 -1.01 -1
-0.95 4.06 -1
4.0 5.59 -1
5.35 9.49 -1
0.29 -1.07 1
1.45 -1.77 1
